18
2.61118555 -2.00640368 -0.496228546 1.883026 -0.484481424 -0.403807253 0.730410457 -1.94338822 0.275759846 1.70305431 -1.0546304 0.502832413 1.46571648 -0.0991684198 1.34507155 2.55314231 -0.644956529 0.572954953 2.25282431 0.816266894 -0.0640508309 0.411087066 -1.20983994 0.788353622 1.62148035 -0.386615664 0.582199872 1.72960651 -0.765998602 0.919809997 2.7227726 -0.648321748 0.484588563 1.41229808 -0.408176512 0.965230048 2.16114378 -0.180720493 0.62014395 2.20056534 -0.824660242 -0.721315622 2.35571122 -1.3838346 -0.0596679226 1.60321999 -1.67108917 -0.879766583 1.76681364 -1.38117945 -0.455175638 0.114230201 -0.971743405 0.376454294 1.75422311 -1.39761162 0.203933924 2.00331521 -0.989843905 -0.670775473 1.83024454 -0.242972001 -0.265738785 2.66985846 -1.47785246 -0.107703909 1.16739917 -0.639638364 1.82604432 1.39417255 -1.259354 -1.73245645 2.10129929 -1.59148192 0.811992645 2.70868087 -2.14459848 -0.586667955 1.96644962 -1.48108625 -0.0995615646 2.85395384 -1.18040979 0.151923046 2.85064292 -0.326503694 1.42086661 2.08319139 -0.706490219 0.0810132474 2.95127892 -0.414654464 -0.173857719 2.81601977 -2.16067767 -0.473587036 1.95994997 -0.267661572 -0.0862226337 1.84535551 -0.651169002 0.289911151 2.27789569 -1.82877159 0.0243247636 1.94464386 -1.79135382 1.33480799 2.36029577 -1.88280475 0.147273615 0.83523351 -2.05727482 1.34801948 1.50471461 -1.58287275 1.16737926 1.48727667 -1.05839968 1.32149076 1.90608859 -1.89973438 0.527340591 2.49235749 -1.02636147 -0.496856511 1.61212039 -0.717154205 0.554130793 1.64304709 -2.16738677 0.426076353 1.41371965 -0.723193407 0.229200661 3.23793483 -0.31267494 1.48823512 0.950551689 -0.959093988 -0.284992456 1.83355367 -1.2142837 0.495096982 2.11345243 -0.779367089 -0.0123458141 1.02906311 -0.619213045 0.103771865 3.46718192 -1.00374949 0.468859524 1.54880571 -1.53052187 0.181003377 2.49835372 -1.5262599 -0.109488718 1.86654305 -0.71695894 0.683880448 1.54416013 -1.09423327 -0.642783701 1.41860414 -0.440254986 -0.0573994964 1.90284324 -2.16417813 0.0763049126 2.1889832 -1.7456727 0.587650418 2.07958984 -1.37734604 -0.681684792 1.74429262 -1.62863243 0.52526921 2.23099709 -0.636471033 -0.094761923 1.89647746 -0.516369522 0.303040951 2.49379873 -1.00092101 -0.483920544 2.54868579 -0.972870827 0.264029562 2.35463691 -0.530956447 0.408039987 3.54990292 0.247252837 1.06898773 1.25565767 0.615096509 0.346610844 1.087008 -0.80666405 0.144708514 2.08559442 -1.37192452 1.30432379 1.6725632 -1.73742855 0.840849102 1.5711385 -1.98973119 0.27229616 2.41397786 -1.02394509 0.931531847 1.00879335 -1.33515084 0.239162609 1.76706445 -0.143380031 0.796178937 2.0955677 -0.875973761 0.835594416 1.91446865 0.317779392 0.429698825 1.87638676 -0.549271822 0.811304808 0 0 0 0 0 0 0.640937388 -1.52417779 1.19973969 0.735391498 -1.60239232 0.671252847 0.0924214125 -0.728159666 1.52192223 1.80055261 -0.525590897 0.634479165 1.29240775 -0.844121099 1.86302364 0.771988869 -1.88077533 0.063015461 1.33707809 -0.938622236 0.268975139 1.33182311 -0.515617847 1.13042998 0.999061227 -0.908131242 0.951773286 0.768525064 -1.04004717 0.016672492 0.925927639 -0.696716905 2.32418299 1.84130049 -1.14546883 1.90723526 1.46145904 -1.19888747 1.59822714 1.8177197 -1.12390888 0.948004007 0.432177812 -0.358361244 2.82267046 1.11637282 -0.450041652 1.82568324 1.02356935 -0.70509696 0.106669307 -0.225087076 -0.410620272 1.18174338 -0.000627949834 -0.118828073 0.980042219 0.43656069 -0.255474299 0.622569084 1.05035973 -0.999065161 1.28924942 1.30822158 -0.509886146 0.414921761 0.38673988 -0.112831771 0.480143785 0.707106769 0 0 -0.707106769
2.42114949 -1.79322779 -1.86283469 2.14145827 0.046299722 0.176848263 3.70081902 -2.29855967 0.72349292 2.03294253 -3.1251862 -0.202609256 2.88991451 1.03001952 0.990372539 0.921829402 -1.28443503 -0.0509599522 1.84700835 -0.370037138 2.69904113 0.894319654 0.549052179 -0.790982008 2.98750472 -2.27515388 0.257764161 2.67616677 0.871751726 1.69112301 2.72711515 -1.13464117 1.58009124 0.584653795 -0.566676259 0.112523511 3.04274964 -1.79963577 1.80989408 0.741596639 -1.9558599 0.477971762 1.8467803 -2.04475546 1.13248301 1.84423387 -0.664907873 1.42672741 2.72883272 -0.851352572 0.308240056 2.1075139 -1.10259116 -2.60086274 1.73051298 -1.54088879 1.3397876 2.38000059 -0.377459139 1.1459893 2.48738718 0.162081808 -2.56495237 2.47456956 -1.99787617 -1.37889278 3.60887098 -0.891365707 -0.235454574 1.55607343 -2.26665783 1.88154483 -0.255711287 -1.28541338 -0.497616619 1.23066819 -0.219964758 0.53906101 1.80360472 -2.79830718 -1.37956643 1.30601871 0.331508219 0.472893506 2.09470654 -1.98620522 0.260662645 0.952299714 -1.60430706 0.855451822 2.62577772 -2.73816824 -2.31506276 2.07755375 -0.679336607 0.118195355 3.34169316 0.145767763 -1.54484701 3.11643362 -1.41497171 1.38975561 3.13231635 -1.63678384 0.157859668 2.73153472 -0.339158148 0.634201705 1.51842082 -0.959940016 -0.151748568 0.273842037 -2.38276243 0.428106785 2.57198095 -0.809077561 1.20387137 2.22466874 -1.24370086 2.52780867 1.91053236 -0.175893515 1.35241783 3.2766788 -0.964337885 -0.305452526 1.80908954 -1.27903795 1.04963946 1.87360919 1.84975362 -2.32723427 3.30283499 -0.471895128 -0.0897585228 0.664056361 -0.230369404 -0.376904607 2.02151012 -2.40917802 1.73381472 2.78401446 -1.87085938 -0.683772981 2.19688678 -1.66043937 -0.125019029 2.04520297 -1.21581113 1.0964576 -0.0342523009 0.158307433 0.0415096208 2.41371894 -1.21371901 -0.207631215 1.45117414 0.981431246 0.726448894 1.56101 0.290938884 0.706293941 1.55726254 -0.195376948 0.876004994 1.01213372 -2.06534362 -0.355779231 3.74917245 -1.31863546 0.312112749 4.20369911 -0.750602126 -0.632870793 2.32894874 -1.84507191 0.331709146 2.15681839 -1.85333574 -1.21933985 0.981426358 -1.60581243 1.04510427 0.816891789 -1.05146825 -0.0781128556 2.77681136 -0.850420237 0.932004631 0.411664337 0.310713768 1.39404297 0.348039269 -1.57911313 0.748109341 2.57391572 -1.40974605 -1.79621887 3.62649488 -1.50021803 1.50283515 3.72383642 -2.06947899 -0.494428158 1.78120184 1.15867758 -0.133060262 3.11253929 0.427937478 1.14054084 2.96013331 -1.49885249 1.31791425 2.06446648 -2.83964944 -0.70096612 2.90549397 -2.11851835 1.7875675 2.96132064 -0.971438289 -1.46170855 -0.107595697 -0.479648352 1.13815582 2.04850006 -1.41265488 2.26238799 2.94848466 -1.47296154 -1.25877774 0 0 0 0 0 0 1.36840641 1.30268717 -0.276251197 3.65040255 0.484344959 -0.325290561 2.0396831 -0.279690981 1.83952749 1.72977483 -0.639947653 2.95190525 0.401126146 0.540171266 0.821789503 2.58632755 1.27966988 -0.505331874 3.00337577 0.691390038 2.22116518 3.00099087 -2.52874494 1.31357944 1.66022563 -0.38820672 -1.33195841 3.18074942 0.538984299 0.2943753 4.12522316 -0.372649193 0.380572915 2.85320759 0.468765497 2.82324743 1.97535884 -1.83649588 1.22655153 4.39064407 -0.196479797 0.54952693 4.5618763 -0.574140549 1.42319059 3.67272949 0.621600628 -0.00640797615 3.21525288 -0.510616779 1.61733425 2.34080696 -1.67955279 -0.162632108 1.55738223 0.855529666 0.828889906 2.99531841 -0.574368715 -0.251527667 2.91247463 -0.612059593 0.514189839 1.36521864 -2.67686129 0.507814407 2.58928394 -0.969974995 2.77465916 0.707106769 0 0 -0.707106769
-0.319337189 -1.19960463 0.559236288 1.28363478 -0.811836779 1.59371316 0.244979739 0.280817538 -2.05274534 0.847010672 -1.61080456 3.92985368 2.77105808 -0.205194667 0.100295745 0.41510123 0.174885601 -1.2685678 0.815738678 0.101052254 1.40186942 3.41085672 -3.92758965 -1.8881253 -1.69446564 -1.18018484 -0.731743157 3.19506454 -2.69505715 -4.32925797 1.11065853 -2.60253453 1.66448557 3.70517969 -2.83798289 0.285578609 4.22741699 -0.96586436 -0.548041761 1.16057408 1.0781641 -0.943932652 0.178762838 -2.81472707 2.25589323 3.93339825 -1.26671565 -0.120711647 2.77720833 1.30958128 1.34856594 1.86271727 -1.7631197 -1.21954715 1.29515278 1.03079438 2.93168664 0.296084285 -2.7944622 0.815344095 5.06425142 -0.143950954 2.81752896 1.90330768 0.478215963 -1.05388856 1.40365851 1.57074964 2.66696572 -0.555832744 -2.29920363 0.200307637 0.301042557 -3.23509288 -1.04681373 1.29298329 1.09670019 1.41866612 1.74447012 -2.34239817 0.35418725 1.63819075 -2.26187086 -1.68493259 1.03246212 0.717115045 0.0921692401 3.48814321 -2.57917237 -2.91068172 0.709982932 0.695069492 -0.840132654 2.1774056 -3.47110796 3.88816547 0.616394162 1.35077715 0.993736088 3.51062393 -0.845302045 1.35211194 2.24829173 -1.96154737 0.213652655 0.44085899 0.337588668 2.01429868 0.743297696 -1.82127106 0.155114233 2.38663268 -0.268642873 -0.985662341 0.564911366 -4.24732304 0.264912665 -0.156360298 -0.246696353 1.46103215 0.688586056 1.12150478 -1.21384621 5.74833488 -1.24639189 -1.07537472 0.82391715 -0.733662248 -1.26491535 2.99868941 -0.887474537 1.55896628 1.73959637 -4.49160814 -1.61741996 1.80273473 -1.11738718 4.85659313 1.35974932 -2.12867951 0.921011031 3.30348921 -5.09605408 -0.934229314 1.43784952 -0.983002782 -1.03050137 2.1567235 0.254741222 -0.329987556 4.6596241 0.106935978 3.16603637 3.20536375 0.999432147 4.62010288 4.11101961 -0.46619007 -0.716107965 1.3458463 -0.111909166 0.786684752 -0.391199321 -0.538383901 0.51106596 0.459590107 -0.204646185 -2.97795653 4.21023989 -0.437700033 0.965276659 4.01717854 0.962692201 0.828103781 0.966615677 -1.21912158 -0.674371004 -1.55172718 -1.48034227 -1.82334828 1.84226418 -1.96182537 -0.864225984 0.958163381 -1.70819104 1.41222966 1.5168401 1.29749167 0.807915926 4.03733635 -3.24328184 1.95894539 0.554287612 -1.66486907 -0.0327694975 4.26194286 -2.14682865 1.74588966 4.84878492 -1.15517712 -1.06966615 3.15029836 -2.82336164 -2.82533073 0.446246892 -1.52962875 -0.457861513 0.567795753 -2.60191655 0.0821241215 -0.128894329 -3.54561162 2.08467722 0.710956216 -1.44790602 1.99252379 2.81017399 -0.918451011 0.776480258 2.46047568 -1.45712566 0.281542629 0.921203852 0.911418438 3.05991864 2.02086329 1.92204082 -2.69420934 1.81821835 -1.8731668 0.157008111 0 0 0 0 0 0 -3.38456798 3.46963573 -1.623757 0.217243433 3.12951159 0.281153619 1.03447688 1.60297227 0.387767851 -1.01709807 0.765584111 -0.330024123 -0.277693987 2.77981305 -0.257521033 -2.61198211 0.564316511 1.48042214 -0.477112353 0.887132943 -1.40231192 2.50068235 1.24054134 2.11102295 3.37061787 1.16634846 -0.411199927 1.52544105 0.190443039 -2.34600687 -3.2534461 2.34020019 3.12164545 -0.458940983 3.09039569 0.994409978 -0.273658276 4.02451754 -1.63837826 0.901795924 0.16297698 0.952908278 0.842633009 1.13507617 1.30065691 -1.1072793 4.54675531 0.23374027 -1.77308297 1.00792301 2.32110929 -1.5031693 1.47991121 2.27776861 -1.63461208 6.06767321 -0.046787262 1.6966573 0.498100519 -1.61512244 -1.82415187 1.14325428 0.465942383 -1.60605025 0.620379686 -2.03548813 -1.27534485 4.43035746 0.733414531 0.707106769 0 0 -0.707106769
1.74177432 -1.41166854 -0.216486692 1.84139061 -1.40108073 0.680570662 1.29109097 -1.11238027 1.31954873 1.78680182 0.0310699902 -0.462780088 1.1596663 -1.56232405 0.81304574 1.42513442 -0.254772335 1.2472316 1.28058219 -0.49178496 0.904290259 1.12919796 -2.07534695 0.421253443 1.62665534 -1.78450918 1.0312885 0.721700847 -1.32032526 -0.0338717587 2.46785831 -0.375235617 0.0198953301 2.79519129 -0.638315618 0.953984857 1.71084046 0.196581215 1.29940867 2.5330174 0.353821307 0.49174583 2.7128551 -0.11298164 -0.67549926 2.35253525 -1.70789504 -0.0171625558 1.64861834 -0.329670101 -0.745091081 2.70766401 -0.200727195 0.229047433 3.08776665 -1.30637681 0.291094333 2.83661461 0.407399267 0.26996997 2.37859106 -0.822359443 -0.271391571 1.21182334 -1.7345016 0.378504515 3.01498437 -1.55660486 0.512189627 2.45023394 -0.83930397 0.227433443 1.74595344 -1.05558515 0.219803154 1.57226145 -0.306441754 0.138665095 2.20144916 -0.787908554 0.647059262 1.90019155 -2.42291284 -0.0557941049 1.20390928 -0.857358396 0.504115224 2.17524791 -0.989139855 0.110288672 2.53153062 -0.311047316 1.37144983 2.31435633 -1.26544034 -0.435762376 2.92498422 -0.639596462 -0.425848186 2.46739149 -0.352848768 0.550000787 1.12816405 -1.52083898 0.130296111 1.34660053 -1.64638519 -0.813697934 2.25322175 -1.01569009 -0.228326902 2.09733534 -1.39121461 0.578455508 1.9259851 -0.229844913 0.65298605 1.29191148 -1.98257124 0.0326972529 1.49894118 -1.46927726 0.0730664507 1.27027416 -0.716320932 0.153360993 2.87859845 -0.638467431 0.531133294 2.51288915 -1.35155559 0.590657353 2.58998179 -2.36913586 0.255814075 1.57175267 -1.57605147 1.21067941 1.80609989 -1.59062123 0.765205085 2.16272068 -0.583693445 -0.47033608 2.2352314 -0.0908838138 0.306547523 2.45410109 -1.62295008 0.364729404 1.83602512 -1.36418879 1.10095501 2.49380183 -0.530156434 0.880475879 2.94549251 -1.487957 -0.478785783 1.66379523 -1.6116966 1.12562478 1.89298999 -0.5003829 -0.350869209 1.58611917 0.434541434 0.186079621 2.56869411 0.100778669 -0.303381413 1.55705297 -0.359576374 0.289857656 2.95261908 -0.605009317 0.7449947 2.72264314 -0.859739304 0.683948815 1.89381623 -1.00833106 0.603877127 1.92575836 -1.5061568 -0.253082126 1.69935286 0.0850748941 2.58453488 1.59353042 0.0144414837 0.176523179 2.92944145 -0.846809208 -0.520310044 1.54153919 -0.472782165 -0.441795915 3.01713157 -0.697004318 0.386036485 2.02269435 -1.5000869 0.690003335 1.93143451 -0.311421633 -0.349779129 1.22130895 -0.458297074 -0.465329349 2.05791998 0.36578837 0.701889396 1.38812673 -0.538389921 -0.704877138 1.90962434 -0.295946807 -0.036101535 2.06078219 -1.07600069 0.0127645582 1.99021769 -0.43342337 0.609755337 1.82433307 -0.870832264 -0.207642287 1.49446082 -0.437772185 0.755032122 0 1.20000005 0 0 0 0 0.59030211 -0.74309063 -0.0884183645 0.22180672 -0.107304282 1.1157217 0.417901903 -0.79999578 0.0105878115 0.128471181 0.192958593 1.10024691 0.38039875 -0.0980761722 0.335667849 0.136539742 -1.59495366 0.299288273 -0.575264096 0.043336466 0.953371465 0.530954123 -0.680064499 0.978245139 -0.0472789258 0.245871127 1.44273853 0.627440751 -0.741404653 1.77745688 0.0801528245 0.0216724668 0.540836275 -0.16948843 -1.17049575 -0.150655508 1.4059552 -0.709211528 0.773352921 -0.328996032 -0.395260453 -0.570902705 -0.0237269849 -1.2117244 0.919883609 0.520464778 -1.42408288 1.60824978 -0.121408165 -0.357867301 -0.0576087236 0.994103014 -0.373387367 1.76548982 -0.305439413 -0.515564203 0.695347607 0.738758504 0.779696226 1.29868686 1.33047044 -0.284874082 0.773201108 0.16198808 -0.405124843 0.356083393 1.02686644 0.680649519 -0.0762884617 0.982862949 0 0 -0.184337854
4.15361547 -1.32046676 -0.197823495 2.24609303 -1.07216036 -0.143610671 1.36490083 0.101031505 0.0995171368 4.15533304 -0.518206835 -0.833207607 1.68231869 -1.80660021 -1.5192548 2.23478818 0.847753167 0.401129574 2.8613627 -2.71578884 1.11307085 3.74296641 -1.41734219 0.273581773 1.38055634 0.25686276 -0.0807406455 2.54542136 -2.34937334 2.44931555 0.954190016 -0.00991192833 -0.12003208 1.71672058 -0.122053653 2.61072302 3.11681914 -0.521029234 2.11819053 -0.0569985099 1.33195543 -0.883223534 1.45827568 -1.21432662 1.47977495 3.30261993 -0.995728314 -0.103964843 2.73917031 -2.53911114 2.52781916 1.29302812 -0.207144633 0.898969233 3.18470359 -1.71560562 -0.694863379 3.14211845 -1.66229689 1.06887531 0.844994187 -0.616171241 1.00861514 2.0498426 -0.940898597 -1.10641229 1.1049 -1.54829502 1.92154491 2.17054248 -2.97456121 0.161518618 2.78717113 -0.236159235 -1.88206887 0.947925746 -1.99329901 -0.0800211802 1.77075362 -1.76825726 0.455385208 0.889577448 -0.937748671 -0.0255245864 4.14149809 -1.62971365 -1.44807839 0.814878464 -3.07935548 0.749598682 1.43471611 -2.54836178 1.57138944 3.51744628 0.03340872 -0.738586724 2.59299469 -0.542830467 1.88378847 2.92300963 0.108659714 0.0414338484 -0.00583705306 -0.795079172 0.0329771414 2.32208562 -2.82295418 1.41585553 1.16136205 -0.476472378 -0.80634445 1.83630121 -0.595832527 0.246873289 2.57321525 -2.11620164 1.11404645 0.980329514 -0.521922469 -0.391217828 0.233268172 -1.46652567 1.24933207 3.15458584 -0.693868995 1.6464659 3.91215515 -2.82905126 1.21772599 4.2970953 -0.776135027 -0.170674354 1.61855948 0.19787775 1.94846523 0.839379787 -1.3379935 -0.742423534 0.814877808 -1.46754086 0.386282504 0.0063086981 -0.327477038 1.94555414 3.00668001 0.248230055 0.241252929 1.56924272 -0.662607908 -1.30955362 2.15304208 -1.7175281 1.97621238 1.64486349 -1.9866842 -0.486092836 2.24062395 -0.818468034 0.795695007 0.986023366 -0.69574672 1.11545587 2.54130864 -3.4089582 0.357455432 2.99873352 -0.348086089 -0.983962059 1.53004491 -1.5476917 1.11156666 1.59809124 -3.8065064 -0.642081678 2.05226731 -1.89944184 1.41047382 1.64832366 -0.287757516 0.104976736 3.55090952 -0.846986592 0.601313412 1.88808215 -1.29105926 0.468691081 0.909022272 -1.01244903 -0.861840367 2.30699468 -2.40191007 0.978378594 1.6536721 0.584210157 0.125126988 1.22956586 -1.63798678 -0.339121759 1.34198964 -1.95278072 0.915026903 1.75687718 -1.73817205 0.98387742 1.38453758 0.251017511 0.919158101 1.0992924 -0.264033824 0.0106039066 3.37680864 -0.330982417 1.43020928 2.20522022 -0.625879467 -1.65813148 3.19045949 0.501310587 0.695355654 0.412553906 -1.23996687 0.550564647 2.61764145 -0.880983829 0.205162555 1.87950373 0.145386353 0.588128388 0.305617839 0.453763515 0.577834308 0 1.20000005 0 0 0 0 -1.80565536 -1.96986818 -0.417705297 -0.574048698 -1.18148494 1.82177734 -1.75824118 -0.741733909 0.248306394 -2.17614174 -2.04446721 1.57148433 -3.21563148 -2.05312943 0.0804998875 -2.49144745 -1.28764534 1.4214983 -2.77122331 -1.30102003 1.05643296 -1.28556275 -0.932170808 0.439482927 -0.22863546 0.592825234 0.802259922 -0.134084105 -1.79887211 0.98948431 -1.83476532 -1.55657971 1.4658531 -2.78217602 0.336132199 -0.486133456 -1.25358295 -3.50070286 1.19841313 -3.02770448 -0.969613492 0.798544288 -0.729417443 -1.69006264 -1.39532208 -0.1271092 -2.53430676 0.799437523 -3.129529 -2.76937342 -0.146058917 -4.17281723 -0.886928737 2.65242219 -0.262842238 -2.08095598 0.626597762 -1.90427136 -2.54026461 0.106140137 0.287884831 -1.40684247 -1.5085845 -1.88387883 1.07464087 1.08430755 -1.42297387 -1.61918521 0.501998723 0.982862949 0 0 -0.184337854
1.81102586 -3.41487193 1.58437431 0.409904838 1.82794285 -0.542087674 0.146133363 -0.168172285 1.4408505 4.17451334 -1.97191608 -2.89560103 3.41770792 -0.621337712 2.84919286 1.41156876 -3.87065578 -0.49390316 0.528082132 -1.62329471 0.821828544 2.01029491 0.0294179246 0.965138793 1.40688133 0.71535784 -0.121927194 4.54220057 0.783811629 1.48355937 0.879925311 1.38130224 0.694424927 2.29254484 -4.08968306 -1.72935081 3.82743335 -2.22772884 2.6281848 1.78602314 -3.38999844 1.14262581 1.39697325 -3.24718094 -0.325740159 5.65378094 -0.056022834 5.84988689 -0.772010028 -0.606611669 2.90530229 1.36689126 -0.766736865 -3.11865449 -0.303397864 -0.824445486 0.63665098 1.7364583 -0.73904264 -1.24194896 3.27528167 2.9399302 0.706314683 1.79630041 -4.19619703 1.9965564 2.75597 -1.23005247 0.254768372 0.970017493 -0.984262466 1.36446786 2.47400832 -3.4746666 4.50238276 3.92635322 -0.438776135 0.650461793 3.01071334 -2.40671372 -1.59096324 -2.3524003 -1.48004007 0.677738547 2.11740565 -1.85739803 5.66884851 -0.239984825 -3.99148989 0.647330105 1.4305588 -3.1580162 -1.27209723 2.98643947 1.25140476 0.429082304 4.06395292 -0.142062142 1.23943865 3.95647645 -2.4873426 2.5034008 0.145862803 -4.31333971 0.284429878 3.62173653 -0.279671282 1.52070451 4.51003218 0.251611292 1.75426292 0.303711683 -1.02139211 1.95872128 1.90406823 -0.343121856 2.58856702 2.14986968 -2.33201551 -0.880517185 4.70897961 0.803652227 1.00115561 2.64550328 -2.9840672 -0.816634357 0.472628653 -1.44167054 1.64810395 2.22204804 -4.24856234 -0.470425785 3.06734872 -2.95212007 -1.51354933 4.1070075 -2.17484426 -1.58387041 4.32148218 0.410908759 -0.201984927 1.11251855 -1.68837345 -1.37002516 0.857998729 1.70397604 -2.42636871 1.79795516 -1.85391068 1.27013528 1.0064168 -3.07382488 2.57392979 0.648371994 -3.25043988 -0.54414469 -0.0750567615 -2.79631066 -0.642263055 -1.86629879 -0.867779374 -0.204192698 1.01737225 -3.49452972 -0.197830036 -0.607600987 -1.57397819 2.16459346 2.0875752 -1.60080326 -2.25764465 -0.571333885 0.0724031255 1.30156624 3.33664799 1.63167977 0.401742727 3.43810415 -3.46894264 0.883106589 5.68019915 -1.07229686 1.40740836 4.42756987 -3.76771593 0.510101616 1.91214502 -1.18028414 2.97947288 -2.31850672 -6.36932135 2.38410497 2.03732324 -1.3869642 2.12418842 -2.29974294 -0.0106649036 -0.703364909 5.65153217 1.69303977 1.3913542 2.72702551 2.84726286 -0.236282796 1.89432251 0.204264596 -0.567646623 2.8991282 -2.153301 -0.000438502379 3.70375061 -0.588847637 -3.20196462 2.11353493 1.12964833 1.82291722 -0.540568173 -1.27871954 -0.194429114 2.55905128 -1.02843118 1.15388608 1.83279705 1.47750783 -2.66096759 4.57597542 -1.73434448 3.28305078 2.58265948 -0.564163625 -0.963851333 0 1.20000005 0 0 0 0 0.194018379 2.02884316 6.26213455 -2.83634067 0.805796266 2.13615227 -2.07643938 1.47423875 5.24281502 -0.702165604 2.03595066 3.61913657 0.541198254 0.672284663 2.38644075 -1.60375178 -0.469516814 3.24669957 0.439884812 1.87138975 1.26157093 -1.51804078 3.96471334 4.89237976 0.579509258 5.03193998 1.44295585 0.0297268331 5.14689827 2.82602429 3.19256973 -0.581332207 1.68052745 1.95580733 -0.596666753 2.79353428 -0.751959264 3.26300335 -0.674811125 -0.577356696 2.42015791 1.08285642 -1.47206795 0.245837957 1.79157722 2.25760341 -0.242211461 1.18714309 2.48967242 1.59367847 4.21852398 -0.183374479 0.402666956 0.0248734951 -0.0922583044 2.54021335 0.430804729 -1.078058 1.63026631 0.167690992 -1.22434556 -0.544377089 1.97320139 1.6752882 -2.47946119 -0.0597946644 -2.56474209 1.39187646 0.618561268 0.982862949 0 0 -0.184337854
1.87229383 -1.46663284 0.325432301 0.263635218 -1.91604412 0.362178594 2.32073331 -1.61962461 -0.29666087 2.43930078 -1.22413468 1.53726304 1.47507882 -0.397437125 -0.0177981518 1.76143157 -0.423588932 1.31454909 1.50087011 0.749360383 0.294440091 2.61558223 -1.25209439 0.373407483 2.55320597 -0.944210112 0.619517148 2.20040059 -1.75963342 0.465698183 1.90607393 -1.07738936 -0.69123596 1.91531909 -2.32764602 0.198383212 1.41951156 -0.484032542 0.136043087 1.61418176 -0.32922864 0.111002795 2.42344856 -1.13721895 -0.55845046 1.93595564 -0.780286908 0.547872841 1.78824782 -1.27255225 -0.0656956509 1.57410979 -1.13474119 -0.333245546 1.34911084 -1.31411862 -0.412195683 1.32682705 -1.07570565 -0.335062802 2.11874771 -1.8295114 0.776414752 3.71201181 -1.50958955 1.42063403 2.8797338 -1.02211452 0.15751569 2.85506487 -2.04545689 0.236904889 1.98886859 -0.608090937 -0.376821339 2.23329449 -2.01494741 -0.979474545 1.48797572 -0.168103293 0.316752821 2.46221256 0.450863242 -1.10870266 0.905852377 -1.4509629 0.0331140757 0.63572973 -0.553678095 -0.074765496 2.07137251 -1.09126103 -0.121492639 1.49480307 -1.05705583 0.595988631 3.2191999 -0.736802042 -1.34768832 2.16201401 -2.2480948 -0.105741605 1.51796257 -0.864030004 0.172702074 -0.242868051 -0.960529983 -0.144300997 2.72909403 -1.09898651 0.411368698 1.73566151 -1.09304094 0.292574108 1.66478753 -1.16027677 -0.665255725 1.36611271 -1.99862456 0.763626516 0.969086707 -2.73383117 1.47618639 0.821724117 -1.80671537 0.260053366 1.79800749 -0.164236531 -0.32508564 1.89524782 -1.28573358 0.628797233 1.7486465 -1.98361659 1.25397742 1.97265065 -1.1109482 0.842999756 1.84533548 -0.326252043 -0.682844639 2.28549242 -1.72687709 0.0678147823 2.4739244 -0.660485506 0.0901622921 1.98655498 0.0977390483 0.810335338 1.6890136 -1.35494304 0.289322853 1.38391852 -0.853447735 0.923668146 1.97328079 -0.347599357 -0.027410591 2.28964639 -1.26231349 0.635020077 1.3676784 -1.09970236 -0.0953679532 1.55969357 -1.20570016 0.12221954 2.89922476 -1.21711457 0.808233082 2.77751589 -1.18491876 1.44872081 2.97191334 -1.97806704 -0.211947814 1.5275923 -1.07574177 0.604434013 3.50632453 0.0507376157 0.191769719 2.30407453 -1.97322953 0.733508289 2.23790264 -2.08445668 1.70230758 3.21099329 -0.486446053 -0.501520634 2.4574542 -1.26369083 1.32788432 2.55837321 -1.89521801 0.808703244 1.50430155 0.239679143 0.813452423 1.36160958 -0.0125239603 0.0981173217 2.11974335 -0.274625927 -0.652651846 1.82361305 -0.152948633 0.752245903 1.61447477 -1.55326676 1.22302866 2.4093492 -0.931838036 0.55509609 2.48996091 -1.39248013 0.513138831 1.20903492 -0.353983521 0.775970519 2.81842828 -0.715913773 0.370953143 2.03201246 -0.403964996 0.299071789 0.589110017 -0.940364897 -0.181982473 0.300000012 -0.800000012 0.200000003 0 0 0 -0.297216326 -0.422369868 1.46975136 -0.31732744 0.562353611 -0.0728483424 1.25882518 -1.09734821 0.0478498042 -1.21280813 -0.469907284 0.864317238 0.36678794 -0.053376019 1.32041776 -0.659366846 -0.157819569 -0.389657319 -0.130425721 0.360637665 1.32786882 -0.860596538 0.724919438 0.441234142 0.333576322 1.28534722 0.292312026 0.793277621 0.47356689 0.16155614 -0.483976543 0.156329632 0.946992934 -0.319761693 -0.453784764 1.05384922 0.178444773 -0.117429219 -0.844810188 0.808749855 -0.0586650372 -0.271534324 -0.519285023 -0.136458084 2.18203211 -0.151893765 -0.384877443 1.01743853 1.7931906 0.144375086 -0.713745952 -0.351712942 -0.260795414 1.10207713 0.779052258 -0.784759223 -0.0292958021 -1.06374598 -0.24847734 -0.0154138952 -0.818074882 -0.443254471 1.1221441 -0.83057344 -0.378838241 0.640682101 -0.67826283 -0.118257999 0.955461562 0.366277456 0.171159446 0.0342319012 -0.913987696
1.5104425 -0.606712699 0.288749158 2.05963445 0.248566732 0.334697932 0.398350388 -1.71719396 0.182312056 2.16224051 0.586013317 -0.34326449 1.28040028 -1.77364373 0.624355972 1.71470237 -2.05566573 0.460161656 4.09363747 -0.134935737 -0.896862566 2.82391024 -0.036563877 -0.784236073 1.68775225 -0.887322545 -0.675175309 0.842959642 -1.68301427 0.91079849 1.25628519 0.00773114571 0.965879202 2.13662004 0.183092266 1.01409066 1.36740744 -1.87716353 0.341906637 1.74226606 0.684476435 0.539886594 0.963142574 0.371065468 0.422584772 4.00475407 -1.74307239 -2.37670827 3.25872445 -0.243774191 -0.557602465 0.530071735 -2.05618644 1.80380833 3.3860054 -0.439486712 -0.129217133 1.33050573 -0.00228585093 -0.545655668 4.01516771 -1.22906816 -0.0410161614 2.33080173 -1.82761598 0.702538013 1.62283921 -0.646275878 1.65968013 1.93253982 -0.608742535 0.725747347 1.67190075 -3.03723717 3.73526883 4.00450087 -0.151098356 0.0676390082 4.96987057 0.337646782 1.27860546 1.55524492 0.02533287 0.8527565 0.713082612 -0.694441617 3.45096898 1.26710224 -1.21089745 -1.25056899 2.70605469 0.827974439 -0.740622163 -0.638484895 -1.56497335 1.39621806 2.59218669 -0.555232644 -0.559553266 2.46391129 -3.09321618 -0.393276632 2.6728723 0.410194486 1.71254516 1.81675529 0.0436331928 0.115708098 3.08679461 -2.24547982 -0.789512932 1.15083075 -2.73915339 0.983223796 0.0414613076 -1.64393568 -0.254872501 0.412597716 -0.855810285 0.46674332 2.48320484 -0.550698161 2.01188278 0.647625387 -1.59022176 1.73319161 0.456674367 -1.18720925 0.930290699 2.17340851 -1.6918025 1.39154422 1.74521863 -1.40002108 0.26551345 2.92499185 -2.14570284 -0.927300751 2.77986264 -2.18924737 1.2528584 1.81895077 -1.78061044 0.165346548 2.31657457 -1.84809935 0.413728982 1.88319767 -1.12506402 -0.242129341 2.99384975 -2.17175484 -0.492595047 1.34929371 -0.898021877 2.07631874 1.59446967 -1.88374078 0.26630646 0.161685541 -1.66169214 0.670784891 1.55356205 -2.37641311 0.201787159 2.37039828 -0.54157275 1.67362905 2.83966088 -0.394757897 1.41167998 0.946593702 -0.959219456 0.394755512 2.88915253 -1.98477721 0.734309554 1.87044394 0.574094355 0.868109882 1.07559943 -1.4981457 -0.525185585 2.1431396 -0.0715266764 0.0539188311 2.66056085 -0.450813681 -0.954560637 2.55294013 -0.650545537 0.129375875 3.53202224 1.73130357 -0.976593673 3.05306673 0.137753546 1.56722176 0.907194853 0.488299221 1.01629984 2.65368485 -1.24843538 0.453207105 0.542530417 -0.367362529 1.23366308 2.26274419 -0.540990651 0.323464543 4.11309052 -1.57676399 1.0141263 1.96338713 -0.809848666 0.888352931 2.37028861 -1.2033726 -0.0622230694 1.06698954 -2.50897694 -0.595760524 3.5742662 -0.23867099 -0.745129466 1.85584402 -3.13782787 -1.70767319 3.65868664 0.295287758 -0.418281525 0.300000012 -0.800000012 0.200000003 0 0 0 -0.444449186 0.85849005 -0.900731564 -0.607991338 0.292329788 -0.873733342 -0.628472984 0.461376071 0.653743029 1.19219446 0.0447909832 0.680933952 0.359502852 -1.06669402 -1.82497644 1.05381083 -0.905005217 -0.742761731 -0.505741358 0.541963518 -0.148268953 -2.19363499 0.67507863 -0.442676723 -1.25755966 0.0580085516 0.813668549 -0.946813822 2.24120903 -1.52363873 -0.690393448 -1.37973297 -2.85153317 0.76997745 0.0147578716 -0.96653831 -0.21124053 1.00521827 0.697799683 0.940221786 -0.6337502 0.115494788 -2.67809057 0.924758673 -0.523256421 0.560595393 -0.138470158 -1.14187956 0.459838152 1.92297363 0.0965198278 -0.427193046 0.422195107 1.19299591 1.86332762 0.403907537 -0.403766066 0.125981212 -0.213831618 1.10086513 1.32748532 -0.28645432 -0.121267885 2.97994137 2.47101617 -1.68108487 0.360252857 -0.0393319651 -1.22761381 0.366277456 0.171159446 0.0342319012 -0.913987696
1.73502541 1.9100107 0.975672305 2.23916936 -1.35277605 -1.19593525 3.07922482 -2.73491788 -1.29207766 -0.192472026 -2.7654953 0.757499158 2.48547769 -0.698304415 -0.374319047 -0.727360487 0.131584451 1.06246066 5.31750536 -1.07849014 -0.484591812 1.1132617 -1.65906954 -0.953774869 3.60686541 1.25886703 0.763603091 4.28603983 -1.12879264 2.13135886 1.55217433 1.46223295 0.521891773 3.4557488 1.60199797 -0.0444068909 -0.391101092 0.370672822 1.85894144 4.20165682 -1.37534714 0.523642004 2.99317861 -2.25881433 1.02909029 4.89778852 -4.14466381 0.808331013 2.28621125 -3.86463237 2.81141949 2.1100297 -0.0891416222 1.83355463 3.57905817 1.05805063 -0.902866185 0.777549624 -0.715091228 1.51686335 3.43787789 1.0276767 2.70467162 3.91689277 -1.23368514 3.06302857 4.0275569 0.759701729 4.46191406 0.255861729 -1.07879305 1.06587815 4.94125366 -3.5455544 1.43033302 1.292889 2.79479861 -0.405338675 0.932355344 -1.78694916 2.19271755 1.61394191 -2.31548691 0.447906345 2.07017946 -3.54913044 -3.12585378 2.06370902 -1.81213498 0.157446191 4.03975248 -1.0925703 -0.499639094 2.36525917 -2.34895611 1.11580133 0.767325878 -0.469878972 1.98999083 1.10050881 0.424473733 -2.83982611 3.8319242 0.0715586022 1.33866203 1.06788468 -1.68744862 1.07123923 2.0203588 -1.7961663 -3.13486195 0.718120337 -4.25028706 2.45824814 2.44884944 -0.812236845 1.35397923 0.223656982 -0.807644308 -2.32805824 3.81205368 -3.54691195 1.720613 1.45959556 -1.04195547 1.03671336 -0.821341336 -0.62760216 2.00861335 4.19961119 -1.07057488 -1.27305996 1.93659997 -1.52142251 0.79356724 1.57149696 -3.70854568 -1.82671201 2.01666832 -0.323933989 0.571508884 2.734411 0.152761504 3.33362699 4.03784657 -2.47004104 0.942455769 2.76886415 2.68545628 2.97603488 4.32253408 -1.2519592 -1.49642396 0.96442771 -1.1045351 0.466075867 1.77997077 -3.80581808 -2.63849187 1.57242262 0.0809696242 -1.43676209 -0.0690703839 -0.875144958 -0.324048817 0.928939521 -0.925326645 -1.85579169 2.70222974 -5.17458248 0.155464128 4.83304977 -1.74885249 1.0044831 2.55968261 1.08716106 4.3084445 -0.435223728 -1.32734561 -1.08081865 3.10141969 1.84861016 -0.203754559 1.74968743 -2.47195506 0.878308415 2.15470219 -2.96499109 1.4587599 -0.838456511 1.56796598 -1.88396204 4.22352219 -1.5266782 2.94526672 2.40749788 -0.191803843 1.72886419 -1.69472528 -2.56679869 2.42357278 2.17364597 0.21430029 0.927440166 3.70928144 -2.5317812 0.359418005 1.75230742 -3.37343431 -0.338025361 4.97096825 -3.34178066 0.871767759 2.90897942 -3.09095168 2.93669844 2.60439038 -1.93732202 -1.21231115 5.03532219 0.420741826 1.76013124 -0.138692498 1.4839859 3.18398499 -1.27415538 -0.578197718 2.26073337 1.38659477 -1.75333858 3.22533059 0.300000012 -0.800000012 0.200000003 0 0 0 0.24610889 0.157133803 -1.72768283 -0.724264264 -1.2451582 -4.27434921 -0.665213346 -1.44531202 -3.61723423 -0.233129978 0.61654973 -4.85515118 -1.20205855 2.72697163 -2.20089531 -0.826794624 -1.02994323 -5.17499304 0.909731328 -1.27820206 -5.21339417 2.85784745 0.307351112 0.554259837 2.73395681 -1.76591945 -3.87688208 -0.471580505 1.79889321 -5.88260412 3.71169543 -1.26908469 -1.22901368 -0.5116992 -0.637168288 -2.91909981 -1.72514594 0.408939123 -0.976198435 -0.237561464 -3.60987043 -2.73805094 -2.36196661 1.187886 -4.11189938 2.53233743 -0.900936246 -0.667624474 0.936192393 1.61557746 -5.5821538 -0.847331285 1.14439631 -3.88002133 1.2231667 -0.328529894 -2.68134737 0.597151458 0.634256601 -4.26685333 3.25775576 -1.14758241 -1.45311511 -0.0152747631 2.17323399 -5.96042156 -0.476074934 -2.96433139 -6.05978537 0.366277456 0.171159446 0.0342319012 -0.913987696
2.02846026 -1.50160325 -0.0183438975 1.66577733 0.157545239 0.516793132 2.34672022 -0.0599281676 -0.235133648 2.27412629 -1.03452086 0.51517868 0.78921771 -0.935371161 -0.0531796813 1.54513991 -0.737526953 0.000631617731 3.42783165 -0.794244587 -1.12398756 2.97858095 -0.555424869 -0.577129185 3.07428145 -0.62673527 0.430680186 1.26111269 -0.661821902 -0.184165657 1.41697752 -1.60213888 -0.685249567 2.48114228 -0.845823824 -0.466905177 1.6706115 -0.448594093 -0.42316094 1.28089452 0.261159301 0.691151381 1.90307641 -0.857159197 0.267761648 2.28685832 -1.48403347 0.93642658 1.07320094 -1.36985779 1.05826545 1.49420667 -1.26549673 -0.537710726 1.1080364 -1.17501545 -0.382824421 2.84048939 -1.31691921 0.599404931 2.76944208 -0.895258665 1.62683821 1.85319507 -0.49659887 0.649315536 1.69558334 -0.897745073 -0.771854877 1.70112014 -0.7264238 0.940192878 2.09148741 -0.987360954 -0.358232468 2.12408471 -1.0495497 0.092286028 3.18184471 -1.16593146 -1.32692754 1.69642639 -1.45361102 0.260000825 1.40215373 -1.747365 -0.653686464 2.32554126 -0.959992945 -0.260144442 2.57837582 -1.18877852 -0.208530068 1.21695745 -1.12473655 0.426376075 1.60867977 -1.5947994 -0.0687060058 3.20634365 -0.634695709 1.56276464 1.55273557 -1.11018169 -0.42230773 1.39110446 -1.56054235 0.373200864 2.16201138 -1.0610646 1.30044019 1.407637 -0.439411819 -0.107077137 2.96862197 -1.48472154 -0.219091237 2.1031177 -0.433755577 0.579118311 1.92330074 -0.64544332 -0.694512665 1.13165116 -1.39149499 -0.140727922 1.26830959 -1.30532861 -0.428259432 2.42937183 -1.07578778 0.488993138 2.02586246 -0.971919596 0.804666162 2.11055303 -0.548269987 0.436133415 1.41773129 -1.16021037 1.63064802 1.70481753 -1.52622771 -0.703062773 1.62195575 0.716424823 1.46842635 1.08668971 -1.11594105 0.38907674 2.52960443 -1.90508986 0.200594187 2.88992667 -2.0156281 0.0374677107 1.56731582 -1.48492503 0.341504365 2.02443957 -0.918807924 0.82233429 2.33924031 -1.33236814 0.37545535 2.77754879 -0.652693272 0.772255898 1.52659953 -0.602326751 0.466424167 2.29838586 -0.741716325 -0.124792971 1.5378983 -1.13327098 0.414162159 1.60110915 -0.887379706 1.0035038 0.649935782 -1.19498849 0.974540055 2.00583935 -1.07061565 1.49105132 2.718045 -0.745639265 -0.979616642 2.96801353 -0.245743454 1.77443302 1.49823844 -1.80746484 -0.109538168 3.08391523 -1.7049284 0.497340173 1.60245216 -0.754190326 0.568820715 2.26600862 -1.20645356 -0.544291615 2.17635822 0.629040003 0.480082482 3.0507462 -1.43431902 0.447062522 2.75976157 -0.799971998 0.0495939627 1.04600799 -1.05743885 -0.708462298 1.62612021 -0.938325524 -0.0995483771 2.55341268 -2.11988831 0.801817775 3.02886415 -1.07719445 0.440349072 1.454234 -0.766022444 1.0593791 3.29511595 -0.581692457 1.07975066 -0.699999988 2.9000001 0.400000006 0 0 0 0.602578044 -0.237588227 0.0248028636 0.212343663 0.129289716 0.651112795 -0.061567843 -0.491462648 1.7103678 0.141270131 -1.13788962 1.86954367 -0.926670432 -0.352959394 -0.589252591 0.639515817 -0.858592987 1.03949606 -0.359468281 -1.01967883 -0.311828077 -0.25251627 -1.15219688 0.00291330414 -0.360860825 -0.517633498 0.406200826 0.182797372 -0.959808707 0.27758953 -0.857769608 -0.0105493069 1.13860524 0.114542127 0.858837426 1.05206144 0.645496011 -0.596857309 0.251537919 -0.261588275 -0.636116803 1.01477122 1.34994519 -1.33199906 -0.290639609 0.664473712 -0.0591639876 0.977617145 0.884136558 -0.147046864 0.630834699 -0.223682225 -0.228559807 2.01675415 0.0902602077 0.768263996 0.482692271 -0.0977288932 -0.219288975 0.67471993 0.398660451 0.664611459 0.428655088 0.47589317 -0.212282404 0.33526668 -0.369244516 0.332697153 0.308859646 0.726292372 -0.0703236461 -0.25785327 0.633297682
2.50486088 -0.246188924 0.761688769 3.72496247 -1.12456572 0.395148039 1.54772472 -2.42943048 -0.44799161 3.09441328 0.180429325 -1.26131403 0.682625234 -0.824389398 0.892728448 2.68960953 0.0568700098 0.408100545 0.992516637 -2.17900658 -0.296914607 1.69693732 -1.6859839 0.208234578 2.37383127 -1.21531117 0.365829736 1.71365082 0.362438679 0.863797724 0.564668715 -0.320180237 -0.174863875 -0.0764850378 -0.791023493 1.30843759 1.56942344 -2.24784064 0.960880399 3.03229094 -1.28100121 0.111348011 2.13303566 0.862855732 0.134492323 2.55616713 -2.24068284 0.7473315 2.22657466 -2.17417836 -1.08292925 2.89009476 -1.86382139 0.758755207 0.718457401 -2.90531039 0.322653502 2.54850602 -1.0396297 -0.317990124 0.625625432 -1.6996659 0.0959200263 1.26389706 -0.784598172 0.135115638 1.83837318 -2.92694855 0.518374443 0.0771346614 -0.3280209 1.20008838 0.504635692 -2.62296724 0.314837277 2.39872551 -1.51167727 0.273228198 2.65558195 -2.21679211 0.65904671 2.81571031 -1.31090474 -0.0526703447 2.80037427 -2.54732656 -0.46655798 0.370478094 -0.854804277 -0.797474384 2.40929079 -2.81056213 0.467635602 1.55426419 -2.37396336 2.46909165 3.14116383 -0.952251673 0.0978655145 1.4297179 0.117491588 -0.05853099 1.77410841 -0.43217507 -1.04810691 2.20395923 1.61468601 -1.48509383 1.22881067 -1.42321503 0.766995668 2.88554692 1.10316205 -0.449798375 2.90975499 -1.10382509 -0.424403369 2.45421147 -3.12969184 1.06330132 1.31608951 0.207955182 -0.111675143 1.09498441 0.104625903 0.0811982751 1.72145069 -0.795117438 0.511082232 3.59878445 -1.81291604 0.603638709 2.3605783 0.194694236 1.4662149 2.48887277 -0.442131042 -1.40776896 1.99502635 -1.23770034 0.775047362 2.39852834 -1.60525489 -0.297047615 2.19468141 -0.374431252 0.041654963 3.27091384 -1.08761001 1.39108348 2.5036757 -2.15966058 -1.18829453 2.77927256 -1.24615479 1.28827703 1.99122155 -2.25290513 2.10227251 1.84352195 -0.283614695 -0.314082354 3.91338015 -0.456430852 0.997178435 1.26795959 -0.755690277 -0.587209046 3.24348927 -1.266114 0.127183139 2.63946652 -1.53464592 0.764118314 1.06099486 -1.33511651 0.546315312 3.35219955 -1.13948643 1.42188036 3.79491758 0.199725509 0.0414553843 -0.168667674 -0.985848725 -0.190146163 2.92735434 -2.44699073 0.499958664 1.03226852 -0.650623918 0.203497574 0.825722098 -0.208874807 0.014317573 2.82240319 -0.149225876 0.00906068552 3.07901931 -2.81575251 -0.108177289 2.26801205 -0.942100286 -1.26087487 1.61099112 -1.42301166 0.928726375 -1.24041903 0.145075813 0.435053647 2.24908519 -1.0052979 1.52311802 1.0424037 0.430247039 0.0682171062 2.75645614 0.533085406 0.885432303 2.54443526 -1.6580137 0.19087635 1.38300323 -0.383039653 0.926748991 1.12217033 -0.959343731 0.454652518 2.19583941 -1.24056733 -0.519606352 -0.699999988 2.9000001 0.400000006 0 0 0 1.71990478 0.887858152 -0.94063282 0.120473623 -0.579694986 0.579069138 0.178894281 -0.632642746 -1.40082335 -0.553685188 1.26302946 -0.556781888 0.145319462 0.677645087 -1.35658455 0.471291304 2.00922561 -1.6990813 0.180984974 3.20317054 1.99846041 -0.269695759 1.01897848 0.439869165 2.09441328 -0.323591471 -0.361715138 -0.961376786 0.408350646 -0.361174226 0.000265359879 1.58529592 -0.0391306356 -0.408611894 1.83349133 0.378651112 -0.845841169 2.41183114 0.852496624 -1.11487246 1.2243526 -2.3803668 0.362297058 2.36406875 -1.19311786 -0.822601795 1.64735925 -1.23728108 0.887605786 1.01992035 0.744384289 0.360651344 0.0998571217 -1.27746677 0.659336865 1.22334635 0.801616669 0.892199636 -0.0290363431 0.982215047 0.0320801735 0.97472173 -0.163543075 -0.381052732 2.8705368 -1.21015275 -1.88805819 1.06225193 -1.18099904 0.726292372 -0.0703236461 -0.25785327 0.633297682
1.56317866 -3.79756427 0.352654159 3.63920832 -1.26681912 1.97902715 -1.4853214 -1.91839314 0.796445429 -0.66116643 -2.35399985 0.558061242 2.89413786 -1.43037331 2.30896544 3.2409513 0.385958642 0.537657499 4.05910587 -0.63786298 1.75944269 2.38958907 -0.0831710845 0.181785405 -1.04015148 0.463253796 1.0162971 1.43875945 -0.912264287 -1.85189378 3.31148672 -2.29926825 2.24137378 3.53206253 0.458509684 1.23639917 2.54955173 -1.12900507 -0.693412364 1.6022718 -0.498100936 -0.52755022 -0.590597689 -4.10103559 2.46766543 2.4101491 -2.57996798 2.78595567 4.35536909 1.51922083 0.950418413 4.07165575 -2.17958975 -0.425419092 0.609977365 -0.449446619 1.39645922 1.88350177 -1.37415898 0.183174998 0.335550308 -0.791674852 -0.386865735 1.63330233 0.240436271 -0.458521247 -0.791894376 0.03412503 1.02484226 2.83081269 -0.304273754 0.162957758 2.90822768 -4.14712572 1.22476053 -0.201793581 1.27796519 0.12701419 0.39934051 0.66072005 -0.2927728 1.27776968 2.86623263 0.0800417215 1.96087861 -0.154274568 -0.883382678 -0.909459054 -0.282556057 -0.429452866 2.78534603 -3.16035891 0.0624512173 2.28702235 1.24446142 3.1288414 2.09935784 -1.55922472 1.89332354 1.48144543 0.683216751 2.27024841 -0.155945003 -2.09696364 -0.702407956 2.2459619 -1.342134 1.25985003 1.07150567 -1.15034759 1.41201711 3.23103428 0.633544326 2.59355807 0.230489463 -2.82303834 1.7342912 0.892983437 -3.0440042 -1.73648286 0.972530901 -3.64035273 0.198852807 1.05602396 -3.09843445 0.52077657 2.81026053 -4.38229799 -2.33560634 3.01848006 -4.80229759 -0.118634716 4.78218651 -2.17742324 -0.631845355 1.36268699 -1.96648598 2.39350486 2.06823659 -2.35192847 0.589466691 -1.56361902 -1.0541048 2.20929313 2.19475102 -3.23403025 -0.807707369 4.95154715 1.59307265 -1.55373561 4.3470788 -0.947554708 -1.40427291 -0.366147786 -0.943999827 1.4659307 1.02197921 1.0542953 -2.02347398 1.94550622 -1.09965408 -2.05443549 0.596592069 -2.58515191 -0.229824707 2.43211579 -0.761173129 -0.098485522 3.21129346 -1.84090853 1.43373394 0.972511113 0.992251337 1.84762216 0.0217649452 0.052493643 -0.293878019 4.82169867 -0.981814504 -1.26680517 0.785944045 -0.597730517 -0.249804363 3.06844091 -1.31293929 -1.07669771 1.92595625 -3.15357828 0.148551047 1.7364608 0.261991858 1.47157013 1.37683427 -3.09934926 -1.0969373 4.10212517 -0.376409113 0.0898421258 4.1236515 0.250727445 -0.728852332 2.74935746 -1.63236356 1.32384026 3.22124267 -1.26721334 0.466969311 1.41109002 0.385385096 -0.676725209 5.18453836 -0.119183183 -2.02806783 1.12868941 -5.21215582 0.250961512 2.68415451 -0.854116619 1.93902206 2.3514452 -2.28709173 1.63845813 1.0287621 1.73194849 -1.90749788 0.12786518 -4.44222546 1.74612069 2.233464 -2.32439899 -2.11129928 -0.699999988 2.9000001 0.400000006 0 0 0 -0.233534217 -2.15905309 1.52389932 -0.603817225 -2.55074739 2.3592639 -0.697913885 -3.22525811 1.571715 0.720657945 -2.57151985 1.42578328 -0.747101486 -1.5858655 1.21780682 -0.0856990814 1.80470192 3.12366676 2.16856456 -1.46553254 3.42481565 3.70502043 -1.47366452 4.48001575 0.0713633299 1.30801177 2.31469107 3.56151748 -4.32959366 0.939566255 -1.60959053 1.28277385 0.425643593 -1.10843635 -2.55877256 1.85101366 0.497773409 -3.73071003 2.93354726 2.16923857 0.661843538 0.487724781 -0.281147003 -3.82468772 1.86685419 1.8260659 -1.81910956 1.59521747 0.153615415 0.483434349 0.374070436 1.78611231 -1.28372014 2.61239576 0.00592285395 0.11679545 0.872110844 -2.24873924 1.63572681 1.21313286 2.48446798 -0.345951557 -1.68273866 -0.846405923 -1.20261812 -0.727479577 3.62201715 -1.15532851 3.87629128 0.726292372 -0.0703236461 -0.25785327 0.633297682
1.34507775 -1.09213245 1.8543241 1.46675253 -1.54331863 -0.0456751697 2.03462172 -0.994209528 -0.124312095 1.94940937 -0.419354379 -0.114721417 1.91440642 -0.622460544 0.532173634 1.95147967 -1.45813835 0.354107499 2.87318778 -0.351469606 0.161775097 1.83115208 0.384877771 0.624016464 1.84868622 -0.995773971 0.854852736 2.64713621 -2.08175874 1.98849702 1.92683077 -2.44935775 -0.00861840881 2.2745595 -1.68668127 0.595107913 2.05990791 -1.14710808 2.09207129 0.853262186 -0.7833336 -0.514510274 1.34862339 -0.0951346681 0.895493627 1.47319913 0.209553137 0.251926333 2.69694042 -0.296519667 0.728376031 2.1281867 -1.43646681 2.0241487 1.70709002 -0.121725887 0.742501616 2.18554282 -0.84008646 0.423959017 1.93397975 -2.32438946 0.281257659 2.08289218 -1.23310745 0.0565489382 2.6288259 -1.22788846 1.15026104 2.16774464 -1.95714378 -0.462568164 2.85066819 -1.66250443 1.24408746 1.98403072 -0.932799101 1.39872015 2.59883356 -0.889538884 0.535217166 1.43344486 -1.19063067 -0.182229742 2.34961581 -1.18007112 0.745906413 2.67479038 0.268282562 0.721221328 1.63941288 -2.20457745 0.670393765 1.69713771 -0.206324637 -0.460650682 1.11376631 -1.1142993 0.17781049 2.33015561 -0.830934525 0.542676747 1.44326651 -0.289939255 -0.400007308 2.06375718 -0.623164117 0.467159957 3.24586296 -1.07647419 1.35405576 1.88622165 -2.02722406 -1.1022048 1.50798857 -1.54971981 1.89459836 1.60351348 -0.554026306 -0.384172916 1.27992165 -1.1946274 0.224839658 1.52066445 -0.845448971 -0.00656366907 1.26947236 -0.798119485 0.704731822 2.92825627 -0.431901067 0.202258646 2.14713621 -1.57742345 0.657515287 2.32330012 -0.568158507 0.886249065 2.45390844 -1.04677105 0.480498821 1.63992453 -0.964561582 0.989725709 2.56424689 -1.49233747 0.221252069 2.77738714 -0.666441083 0.999539971 1.09161365 -0.0413934924 -0.211687446 1.65234864 -1.1022228 -0.1926094 2.41484022 -1.04135907 -0.158836782 1.63467371 -1.07834446 0.838363171 1.46615386 -1.19704843 0.796713769 2.02095437 -1.04973459 0.867587566 0.921501279 -1.55072868 0.822814822 2.08201027 -1.82070923 1.43330681 2.08819795 -1.29692662 0.57398051 2.58157969 -1.8565526 -0.278938055 1.75163639 -0.705189347 0.715884209 1.740574 -1.54153705 0.766610384 2.41105843 -1.98132122 -0.993878841 1.17462766 -1.73345244 1.60190797 2.18014574 -0.634439588 -0.777652621 2.89844847 0.0240172148 -0.692804754 2.56367874 -0.62387675 0.547783911 2.14624834 -0.410992682 0.659969807 3.03200293 -0.879940033 0.407058537 2.44042373 -1.0384798 0.431077242 2.4326663 -0.342318445 -0.276230395 1.11207092 -2.15884781 -0.194824666 2.15083027 -0.75262183 1.02167499 2.27150655 -1.01653504 0.125982016 1.78848028 -1.44372571 -0.693881392 1.83423722 0.751521587 0.646659791 3.03947186 -0.161040649 0.175211564 9.99999994e-09 0 0 0 0 0 -1.1943543 0.801170588 0.681139767 -0.832648993 0.805752456 0.33951062 -1.89999914 0.121674776 -0.45118618 -1.44726551 1.68692493 0.212192416 -1.72834194 0.926428914 0.0755974054 -1.97863603 0.689543962 0.0979229212 -1.42324662 1.09534609 0.0536526442 -2.54820538 0.443402529 -0.351593256 -1.9690454 0.604331732 0.67277807 -2.13055444 1.08758855 0.749814034 -1.20766425 0.489159465 1.84365404 -1.32215035 0.569328785 0.469671905 -1.25921607 0.929481626 -0.594548821 -2.23849702 0.258435726 0.538106143 -1.69254899 1.52811003 0.740662813 0.237747252 0.714830101 -0.0549756289 -1.6294843 -0.065155983 -0.102494955 -2.3688345 -0.491815567 0.30879885 -1.86088765 0.17558682 0.246683478 -0.958830416 0.0035457015 0.996997774 -1.14959228 -0.0756053925 0.294012964 -0.610236645 1.50559044 -0.570371985 -2.01316094 1.06976247 0.0507733822 0.707106709 0 0 -0.707106709
0.262114406 -1.42240655 0.674522758 2.31825447 -0.650843799 1.1139282 2.14259529 -2.02653337 0.592805564 3.17595506 -1.97893226 2.70348501 1.37979662 -1.47162712 -3.17595577 0.357335895 -1.39985299 0.599891782 2.75725532 -0.858864009 0.824935496 2.23654413 0.34773761 -1.27692413 2.06427383 -0.982437789 0.16662024 1.62652922 -0.310884118 -0.336381704 1.96164703 0.628265262 -0.0196390823 2.70714378 0.659426212 -0.75602901 4.45125818 -2.47540426 -1.78588378 3.35314035 -1.20000565 0.537967384 3.92053533 -0.220666841 1.32342219 1.52151978 -1.77131391 1.05585241 3.54754281 -1.12261558 -1.01957691 1.60577452 -0.223950773 2.06330299 1.31444454 0.0100304037 -0.628597021 0.536854506 0.428258151 0.231256634 2.97013569 0.0657469407 -0.677087843 2.81894112 0.232412338 0.0919044539 2.97470522 -0.799857676 0.319607824 0.596258521 -3.01449132 1.70343912 1.3558315 -1.51707697 1.60187221 -0.209347114 -1.14230108 -0.387365103 2.97109127 0.82948339 0.508177221 2.29569411 0.344125152 0.850745499 2.05580664 -1.89204121 1.37872505 2.30783129 -1.2006706 -1.06790781 1.93655217 -1.14559519 -0.681620657 2.86402082 -2.93382835 0.0775137767 2.9109745 0.711691201 1.19367135 2.71010327 -0.619840682 1.28962123 2.1202178 -0.831877649 -0.236873955 2.19697475 -2.46950841 0.283411652 2.47195363 -0.479606003 -0.0383424312 1.76008904 -2.93020821 -0.496864766 1.39178026 -2.59376311 -0.4923051 0.694510996 -0.049569685 -0.551261127 0.946394086 -1.81619096 -0.553857863 2.64486623 -0.230251223 -0.186120823 1.71425867 -1.87144148 2.64674258 2.24155903 -0.405217767 0.227755532 2.78886938 0.343045503 1.86471248 1.96260571 -1.81972837 1.09373701 0.661073625 -1.15607285 0.268377244 2.21352291 -1.69771278 0.848077297 1.35648274 -0.105249241 0.470423967 1.11645353 -1.2768383 0.804113746 0.155784488 -0.89613086 -0.0202263277 2.01136518 -2.05331039 1.03671908 1.85687923 -1.94088721 2.19993353 2.25588775 -0.209925294 0.481296241 1.15400887 -3.48526669 -0.696659029 3.67471385 0.744187355 -0.281371266 2.04354429 -0.486689478 -0.216563076 1.23144805 -0.593898058 0.0170867536 1.07426715 -1.31995273 -1.05445063 3.17600918 -1.02260697 1.07791245 1.15042758 -0.439196527 0.0970026627 3.59246635 0.615969062 1.53943753 1.87780905 -2.19372106 -1.12183845 3.15956688 -0.439928979 0.509532928 1.16514885 -1.04491031 -0.10558182 1.65998673 0.521760404 -0.785042822 1.22283912 -0.261052907 1.02299166 1.93565845 -0.417680174 1.25699532 0.000371792237 -0.390132278 1.15215373 1.14805114 -1.14230788 1.21261597 1.03284764 -1.15026045 0.185235083 2.72109032 -2.57675576 2.70905638 3.31114101 -0.127494961 0.907195508 1.2014755 -1.26607454 2.98402548 0.737207115 -0.300311655 0.722017348 0.0657473207 1.44855833 -0.253789067 3.04380274 -2.73265505 -0.63022542 9.99999994e-09 0 0 0 0 0 0.582472801 1.67354393 1.00472641 0.232672691 3.04902649 1.29491162 0.439405441 2.05613995 0.771562755 0.477630973 -0.261742592 1.03227425 2.30950236 0.939360857 0.156332016 -0.0817170143 1.88048077 -0.604126811 0.538093269 0.885936677 0.280098677 0.0474945903 0.475092709 1.12209487 2.02896237 2.91384053 -0.556525707 -0.489287645 0.770733356 0.272146106 -0.928311765 -0.196367085 2.870965 -3.85047817 1.11768222 -0.049220562 -1.43055165 2.44502926 2.08183289 -1.22578371 0.43239665 1.37283683 0.150412798 2.49514103 0.563542545 -2.46040654 4.18914413 -1.05299771 -1.22838068 0.68427968 -0.393784404 -0.136555433 3.09102583 0.222400904 -0.860643268 2.38275194 1.19215536 0.648899794 3.6584208 1.20173967 1.97221994 1.45214403 -0.449034929 0.927349687 1.09371698 -0.0946704149 1.52541089 1.59476471 -0.518480659 0.707106709 0 0 -0.707106709
1.74222577 -1.95383227 1.03564954 2.12681317 0.512114227 0.141172692 0.799537957 -3.07635498 0.747330904 2.60561752 0.329538763 -0.650375187 1.71331489 0.226356372 -1.76096475 -0.555202246 -1.37624085 1.81723917 1.81375408 -2.98531055 2.53296089 0.220793709 -0.348627627 0.413059592 2.48021626 -2.16074395 -0.880074918 2.86969662 -1.15757763 0.0567550212 3.25056219 -0.00259512197 3.28302336 1.54995906 -3.47777486 3.98915553 2.76955152 -1.22637081 0.363598615 2.54006076 -2.06004429 -0.491311759 2.25526214 -0.481409281 0.476029307 0.0886498913 -3.23317146 1.80629277 -0.336916894 0.0704079494 -0.682050884 -1.3993988 -1.63883543 1.80934739 0.293126851 -6.2244339 1.36310554 1.19101298 0.340226859 0.773690164 3.26404428 -1.15309775 0.950433731 2.42115474 -0.685143173 -3.24689364 0.78530544 0.308457702 -0.973266423 0.593360364 -0.395291507 -0.907832026 0.180813417 0.930630803 1.73476279 0.540434003 2.25933695 -0.032993935 1.68227375 0.26697278 1.17926562 -0.280205458 0.385057628 1.59063697 3.81631708 -0.973091543 -0.968949199 1.45104027 -1.11476481 0.678349853 3.53419781 -2.73336697 -1.65609121 3.49878049 4.92041779 2.52967954 2.23737431 1.00323808 -0.374521732 1.3194797 0.692415297 -2.93429208 1.04965305 -0.248268127 1.08191204 2.0030942 -0.855343342 2.35595584 1.09614575 -2.87504005 0.51249063 0.767753243 -0.588917971 -1.46011209 2.6217916 1.76448536 -2.51024246 1.81695938 0.0521163568 -0.144658223 5.61056852 -0.947892606 1.84671402 0.147081837 0.0988592952 -3.64563847 3.03540397 -2.03609014 2.92562008 2.56070352 -1.6242379 0.61483109 3.28503013 1.20783675 1.53682232 1.52036858 -2.03014755 -0.495747447 2.71652722 3.03180289 0.994886518 0.329133689 -2.5624752 0.288277894 3.29556942 0.516975284 0.239730328 1.28284955 -1.19317973 -2.36329269 4.26046371 0.605869651 -1.67570162 2.452245 0.880723417 1.9752084 2.20514297 -0.724570155 2.67027783 1.19291651 -1.96985269 1.12534201 2.39244771 -1.68260348 1.33218443 0.623351097 -1.43698323 0.111681029 3.19542885 -0.28708452 -0.704717278 3.4695065 -1.64553559 0.137612209 2.04789233 -1.31247234 0.00733334944 -1.03997874 -1.91411591 0.230079785 -0.273688197 -0.75193125 0.446961492 4.4268465 -3.01491523 1.59570539 0.383890718 -2.04132438 2.54973102 2.57472301 -0.820638359 0.0642174333 2.45373058 0.364346564 0.130517736 0.623356164 -1.88017082 1.60414755 2.15703058 -1.03551495 -0.0895667449 2.54914093 -2.68655038 1.55164754 1.09572232 0.661889911 0.567490935 0.0383291356 1.15466082 -0.989157736 -0.980196714 -3.5190835 2.39868593 1.17505634 2.19117737 -0.425387204 3.8690505 -1.07815683 -1.84650087 1.14514601 -0.302888364 -0.841154337 4.77314663 -1.16834104 -1.22462666 2.27686357 -1.24637008 -0.678055942 0.284913808 -0.947008729 2.75637889 9.99999994e-09 0 0 0 0 0 0.515998006 0.806915164 -0.73271811 -2.88215017 2.12682486 0.87567544 -0.894476771 0.384587348 2.46594644 -0.468158603 -0.646503448 2.61572218 -1.87680387 -0.597079754 1.65094388 -0.288318634 -0.94268775 -1.12252271 -2.02480745 -1.70389652 3.10849309 -2.26027608 3.03092051 0.785491228 -1.68602467 0.863391876 2.28337097 1.36303627 -2.7224226 -1.56525123 -1.71370554 0.534637928 0.707462192 -2.79661417 -0.0289108753 2.18018866 2.95350575 -0.192266941 -1.52394259 -1.18030775 0.0747336149 2.00594854 1.49731123 0.0715281963 -1.03147829 -0.672050893 1.02732587 0.727461457 0.811064243 3.86834288 1.00593972 -1.52696109 0.797834992 -0.10621202 -4.68128729 -1.59514332 2.05269146 -0.559620202 0.51303637 1.47242296 1.88997066 1.2931782 -0.0822578669 0.699113131 -1.56141222 2.88446307 1.63462818 0.462917089 1.22926211 0.707106709 0 0 -0.707106709
0.977539182 -1.13445747 0.270803183 0.778049648 -0.826058149 0.299253047 2.46753526 -1.81788099 0.00694929948 1.49187505 -0.889524698 0.19942902 1.98546028 -0.858035088 0.682953954 1.93863463 -0.913823485 1.03875744 1.19679749 -1.93521345 0.286041141 1.54480278 -1.06212521 0.00562345237 2.89917827 -0.506117821 -1.05621147 2.33705831 -0.596310437 1.18702376 2.76973677 -0.578230917 -0.577555001 1.40229976 -0.431210339 -0.473993719 1.92269766 -0.126075134 -0.0598626733 2.0830586 -1.63481581 0.324970901 2.80345583 0.125086516 0.895574808 2.60597253 -2.16648841 0.171515167 2.62760925 0.0736363232 -0.202589586 1.59877956 -1.00384474 -0.149678022 1.9018079 -1.08911836 -0.406857222 2.18025613 -0.967322588 0.117688648 1.46410692 -0.655038476 -0.106337041 2.31564379 -1.09172392 1.06368864 2.36033463 -0.950229764 0.385682076 1.26136339 -1.36623156 0.399466217 2.76981735 -0.749895096 0.734925687 2.57210493 -0.0464176312 -0.328543007 2.26932049 -1.82176232 -0.606537402 2.38955617 -1.70956194 0.309819311 2.41658211 -1.82729745 1.07247567 0.993457615 -1.88325024 0.362220734 2.17341137 -0.946928501 0.40103361 1.02343524 -1.28658366 0.384431332 1.82166576 -0.774427235 0.782061398 2.04573584 -0.208062932 0.810254872 2.04705977 -2.01489115 -0.758277357 2.50623679 0.104280546 -0.0193155054 1.31064546 -0.884699523 -0.0712295026 2.21971202 -1.35793674 0.401002616 2.2416091 -0.531834066 0.154427588 2.89894509 -1.69993162 0.412342042 1.37564909 -2.43865013 0.0010651846 2.14498448 -0.858133137 -1.45926929 1.00391984 -2.31226182 1.79498494 1.46175015 -1.27652836 0.144677728 0.907029688 0.263691813 1.29945385 2.1317029 -0.908488095 -0.0237275753 2.43434334 -0.446978003 0.504314423 3.09602547 -1.88280642 1.0420301 2.56177545 0.0553117618 0.115799613 2.2275455 -1.1707207 -0.454046041 1.64869726 -1.65933442 0.212368011 1.33254671 -0.686605036 -0.479941815 1.91496813 0.0228001941 -0.0703233927 1.86340725 -2.00320172 0.950521052 1.36994076 -1.75024009 0.878889084 1.07416034 -0.535102248 0.682697177 2.6462605 -0.408766121 -0.192000598 0.874982238 -1.58464563 -0.0368896164 0.162520692 -0.746246159 0.101116031 1.4058702 -0.16713272 0.895835042 0.673339546 -1.39729345 -0.544838667 2.3393445 -0.743272781 0.715408981 2.31861782 -1.79619372 -0.707823575 0.877746761 -1.71538341 -1.01446187 1.77468741 -1.80093551 0.552548468 1.52177811 -1.09594655 0.970705152 2.61971498 -1.5173912 -0.865951121 2.44788361 -0.623694718 0.303378433 1.12515914 -0.627637923 0.157564372 1.19203043 -1.73554194 1.47507513 2.28664756 -1.74424195 0.302623332 1.74499416 -1.40650094 0.423515856 2.41517425 -0.703359425 -0.258834302 2.21504021 -0.949723601 0.8622576 1.92557526 -0.527739465 1.21320498 1.50472033 -1.10210609 0.310302705 1.88827789 -1.00002182 0.0591380745 0.200000003 0 -1.5 0 0 0 -0.216901541 -0.400730848 1.48869789 -0.75530839 -0.254896402 1.37756801 0.0119212568 -0.323454052 -0.175928891 -0.196474001 -0.47664398 0.160278648 0.404544592 -0.164322212 1.31327677 -0.353309989 0.819076538 1.40037906 1.23727238 0.461993694 0.336599529 0.7297768 -0.646652102 1.09739101 -0.166023374 -0.195533246 0.513644576 -0.0498850346 0.696319222 1.26462078 -0.0305120349 0.00209492445 0.528764129 0.244441867 -0.249895096 1.06770003 -0.877771735 -0.572550774 0.362495482 -0.023421526 0.68420434 1.88756764 0.0935704708 0.806752205 0.172950745 -0.574974775 -0.887158155 0.949660063 -0.142371237 1.35336089 0.283396482 -0.0172060728 0.570217073 1.07239103 -1.88219798 0.0265054703 0.942901671 0.222844005 -1.1885407 1.96175265 1.65123749 0.979297638 0.159502506 0.18444252 -0.305320829 1.85696518 -0.603952229 -1.03376341 0.949189663 0.5141716 -0.417002469 0.545310855 -0.5141716
1.99239039 -0.191444993 0.592187703 2.23947191 -1.27583539 0.98676914 1.66646278 -1.62976611 0.867732584 1.88181853 -1.8998245 1.66520429 1.7193346 -0.634074628 -0.34850046 2.17929316 -1.93174934 -0.277920902 2.58776283 -0.759463727 0.193495318 3.16072822 0.803310752 0.948844314 2.42817116 -2.06668544 -0.124866232 2.16950798 0.217594519 0.405887693 2.54100895 0.220686242 1.869277 2.75511265 -1.75010121 0.573899508 1.07057667 -0.779848039 -0.350801945 0.956247091 -0.610010982 1.58878636 1.26491857 -1.32096994 0.886715293 0.682036936 -2.38864255 1.02995908 1.64378834 0.173602626 1.61951637 1.04215598 -1.19110799 0.16775848 2.53019357 -0.386676669 1.3657521 2.31823778 -2.08271289 -0.230046302 1.46399367 0.0757200941 1.57265425 2.41917753 -0.787139952 1.47453856 3.03060389 -2.03254819 0.299914241 3.02871275 -1.71688712 0.237889186 3.46890044 0.348489285 -0.789163172 0.335944742 -2.66746378 3.30609488 4.18645 -0.52568537 0.870524287 3.10173321 0.0302007739 1.09289432 2.45375228 -0.0961569175 -0.400400281 2.60166502 -1.08018315 0.709081948 1.0646944 0.310814202 1.0609442 0.540499389 -0.890313148 0.390896887 3.15836477 -1.31187499 -2.36018515 2.42098427 -0.0254832078 2.31160522 1.70585191 -2.64598346 0.981265545 1.354375 0.898127973 1.94723821 2.69580841 -0.601858318 1.02781379 2.96214676 -1.99966812 -0.279988199 2.43715906 -0.469025582 0.397830188 0.732910156 -0.767345607 -0.0358017683 -0.379915088 -0.512200356 -0.840496957 2.4682622 -1.99719167 0.573855937 2.59340978 0.0355415605 3.0264771 0.163408905 -0.752345681 -1.35712337 0.513787985 -0.731422007 0.720356166 2.96186924 -0.300254047 1.09865379 2.50084519 -1.57528234 1.46717143 1.01431227 -0.183802068 0.390629262 2.63767552 0.858304322 1.43836176 0.177772239 -0.928330839 -0.338656008 1.30433571 -1.12606406 1.48606491 2.10594344 -0.867911041 1.00026321 0.8058393 -0.852009416 0.128165886 2.73560643 -1.28549993 -0.330925494 1.90103447 -1.10516202 -1.15873194 1.47738266 0.83814615 1.07423329 2.69735122 -2.83941603 0.707351744 2.89355516 -0.214940175 -0.308041155 1.51794732 -0.107437141 0.384116054 1.89194822 -0.291838765 2.01402998 1.15012717 -2.48193002 -0.417030036 0.127003744 -0.793174386 0.365326375 0.925855696 -0.253002524 -0.399764955 0.447271287 -1.02627301 1.5715127 2.34513593 -1.93776131 0.82832408 2.07910562 -1.44814944 -0.27703464 2.5404768 -1.44747174 0.514074266 0.913444519 -1.18460083 0.592137158 2.84646416 -3.58771467 0.28052637 2.55865335 1.26502562 1.93404567 4.23507881 -0.808093011 1.18357134 2.24774504 -0.951706409 0.243504554 0.800040066 -0.597773731 -0.430083394 2.56147003 -2.08302021 0.894505858 2.2218132 -1.85483158 -0.679229915 2.58378148 -1.53247857 -0.179651901 1.31778097 -0.91578716 0.542168736 0.200000003 0 -1.5 0 0 0 0.264212966 0.903030634 -1.12481558 -0.804605305 0.440143168 -1.33817971 0.500657558 1.04265261 0.234230638 0.0361356735 3.46255279 0.608808517 0.476659298 1.87663841 0.494297743 0.501031339 1.36522055 -0.368866324 1.05767465 -1.56511295 0.821151197 -1.05933809 1.8200202 -0.0363510251 1.29441655 1.54992723 -0.0660557747 0.386099815 0.703061342 2.26191807 -0.655210853 1.46610785 0.406297565 -0.833083749 0.533977389 -0.419778824 0.0934944153 1.6010921 0.662761331 -0.386151791 0.554301977 -1.36233592 -0.390693843 0.655362129 0.503912985 -0.736009359 0.630539715 -1.07046628 -1.07386065 0.318874478 -2.55508232 1.16335511 0.214529395 -0.917922497 0.161472082 1.82440197 0.36468637 0.528537154 1.02760017 -0.745972574 2.29005432 -0.48074472 0.929003954 -1.61216056 -0.254561186 1.3099159 -0.222717404 0.623232126 -1.27339852 0.5141716 -0.417002469 0.545310855 -0.5141716
1.54367495 -0.602786779 0.0576636791 -1.82009625 -0.138375193 0.113834709 5.13730764 -3.54756713 -0.58676672 1.17653966 -2.76798773 2.07682729 5.14177084 1.13699448 0.382665873 0.498031646 -3.568753 3.84160757 3.89525294 -2.40374494 1.22739172 4.37174177 -0.798069537 -2.74648666 -0.198392108 -1.71330106 -2.37358594 3.42378092 -0.701141298 -2.18711352 3.84150124 -1.22296321 -0.986812413 4.79448271 -1.21672511 0.658568501 3.77921557 -2.96732116 -1.15249169 -0.412029982 -2.29072118 1.37255132 0.489135593 -1.36157334 0.589152396 4.34111309 -2.64658284 -0.566943944 -0.818663776 -1.91513336 -2.86064959 1.70768356 1.4959594 -0.833740413 4.69223976 -0.294620663 -2.0240097 2.50421762 -1.59518194 -0.762057841 0.750249624 -1.30137241 -0.438544214 3.05289888 -0.950672984 1.81871378 1.24807334 -3.71665096 -1.21726501 1.2840867 0.351644695 -0.0423166938 3.41501904 2.00762558 -0.0122472085 1.06406295 -0.748655856 0.870217085 5.27540445 -1.18420124 -0.217344284 -0.643496394 -1.75474083 -1.6200608 0.93567723 -0.736504018 -1.65980935 0.758190632 -1.99728918 -0.385903031 0.913220584 0.921180189 0.301210016 5.3698287 -3.40631938 -1.68411624 3.03576493 -1.78799355 -0.491200596 0.806757867 -5.39540195 -1.41208541 5.67179871 -0.33219716 -0.626176 3.88594508 0.492276847 2.05801153 1.94710004 -1.87719464 0.740403771 4.00649118 -2.85171366 -0.475719422 3.0710485 -2.05507183 2.450001 0.993930876 -1.47527313 0.346740186 -0.14430283 0.173724949 -0.235361144 -0.191106007 -0.979615867 1.30617893 1.11067224 0.670559883 1.10762179 3.38696861 -2.44221568 1.02270567 4.79351616 -1.6345737 3.02105689 0.0670280233 -3.24448705 2.27834272 1.8970753 -2.19116974 1.68184292 1.97313082 -1.47809064 -2.25210166 2.07241964 -1.77796924 1.32948744 3.9699626 -0.403979123 2.22945571 1.55798757 -0.734357655 0.263574451 0.714628696 -1.32081258 0.674627483 1.25182784 -1.41819036 0.576659203 2.74924684 -1.05660284 -4.23794031 -0.983660519 -0.590616822 -0.953717232 3.53802943 -2.2636745 1.53330314 1.19483495 -0.658571959 -1.78891981 1.21285653 1.05637586 -1.40754497 0.494921058 -0.247228071 0.620985329 3.93206835 -1.98288274 -1.08278298 0.0202925634 1.18747997 0.424326658 1.34498334 0.0538760796 -0.212054133 0.85904175 -1.5738498 -1.61931372 -0.104594529 0.707772434 0.0224740412 -0.944492817 -0.267442018 -0.934023082 3.89480019 0.485706776 0.988009095 0.122311562 -3.41390181 0.916152239 1.76600742 -1.30676138 2.04866123 2.51820111 -0.622503102 -0.0834020153 3.77803659 1.60936785 2.39598179 -0.464647532 -0.781525552 0.820237696 1.31661618 -0.585851192 -0.323565245 5.48711586 1.33054006 0.0511044674 -0.454303622 -3.03601074 2.04468656 2.46886373 1.72200072 3.51851916 4.47297573 -0.997648299 -0.00764012896 0.684751689 -0.46619916 1.09915197 0.200000003 0 -1.5 0 0 0 2.02365375 0.467253327 0.442248821 -0.748452425 -1.62075877 4.01266527 0.409304142 -0.715272784 -3.29463887 -0.256469488 0.108997881 0.944633484 2.52205896 2.01479053 -1.85488462 -0.688988209 3.25945044 3.30189323 1.73205614 -2.31260395 2.64680481 2.98289919 -2.65948439 1.50585091 2.31694102 1.86619544 -0.221370935 1.02157712 -0.0658006668 -1.89707077 -0.373818159 0.615444183 2.86748552 -0.354171515 -1.49570668 3.70353651 0.270631313 0.773757756 3.26095343 0.46731627 0.787054181 -0.556037247 1.09774208 1.81168413 2.37789774 -1.15427303 2.65466261 1.91665483 -0.182237864 -0.85707742 -1.66442513 1.7574321 1.36337745 -1.85888934 1.49188018 0.0904557705 -1.57364774 0.753064156 0.607275844 -1.01705515 0.918124914 -1.42175245 -0.216753244 -0.644251466 -2.43621063 1.99270833 0.654075027 0.721249282 -0.267207086 0.5141716 -0.417002469 0.545310855 -0.5141716
